?.?????o???o? 1,1,2,2
????.o????o?????o??o 1,2,1,1,7
???o?.???????.? 3,1,1,1,1
????o.??.? 1,1,1
.?o??????.? 3,1,1
o????o???????? 1,9
?.?oo????????o?. 6,2
o..??o?o?o????? 1,3,5,2
?????????o????????. 3,1,4,1,2,1
????o.???????????? 1,1,1,2,8
?o..o????.?o?oo????? 1,1,1,5,1,1
????oo.o???? 1,4,1,1
??o...?o?o? 1,4
?.o.????o??????o??? 1,1,4,1,3,1
??.?o?.???o?????o?? 3,10
????????o????? 1,3,2,1
???.?????oo??.?? 1,7
????????o.?????o?? 8,2,2
???????.????.o?o 3,1,1,3,3
????????????..? 1,6
.o??o?.??????o 1,3,3,1
?..o.???.? 1,2,1
??????o??. 1,1,4
.??o??oo?????????.?o 1,8,2,1
???o?o?.????????.??o 6,1,3,2,1,1
??ooo????????o??.o? 9,5,1
?o?oo???.o.?o???? 1,5,1,4
?.??.??o?????? 1,1,6,2
????.????? 1,4
??????????o.??? 1,4,1,2,1
?o??????o.????o 1,1,2,3,1
?.??..??o.? 2,2
???.?????.?? 2,1,1,1
?o.?o??.????.????? 1,3,1,1,3
???o??o?.o?????o.? 7,4,2,1
??o??o??.o?o??o???? 1,1,1,4,1,1
??.o?.?o..??.o?o?o. 1,2,1,1,5
????????o?o?.????? 2,8,1
?????..?o?o?.. 3,5
?????????o?o?o????? 1,9,1,1
??????oo?o?.???????o 2,6,1,1,1
??????..????????o 3,1,3,2
o?..?o?????o???. 1,1,6,1
??.??.????. 1,2
?..????????? 1,1,3
???o?o??.??? 1,1,1,1
????o??oo.???? 1,6,1,2
.????.?o????. 3,2,1
?o?.???.?.. 2,1,1
????oo.?.???o?o? 1,4,1,6
.o?o.??oooo??????? 3,9
?.?o?????.??oo..o 2,3,3,1
..o???o?o?o??. 2,8
o.??????????.?oo 1,1,1,1,3
.?????.???o?oo?o 3,7
?oo.??.o????o??o? 2,1,3,2,1
.???oo?????. 1,2,2
o.?ooo????o?...o 1,9,1
???oo.??o?o?o. 1,3,5
.????oo??????.. 4,3
?.??.??o??????? 1,2,3,2
ooooo???.. 5,1
?oooo???.????? 4,1,1
????????o?. 2,2
???.??????.????? 1,3,1,4
.?????????o????.o?? 12,1,1
?o..?o????o???.???o 2,8,1,2
???o???o??o??????..o 12,1
?o..?o??oo?o??.?. 2,6,1,1,1
.????oo???? 2,5
?????o????? 1,2,1
?o??o????o?o???o? 11,3
?????.?.oo??? 1,2
ooo???..?o?o???oo?? 3,1,9
o.??o..?oo?? 1,1,4
.oo??????.o??oo?o? 3,1,7
???o????..? 1,2,1
o???o?.?o.? 1,2,2
?o.??o????? 2,4,2
???o??o?????o???? 4,8,2
??????????.o 4,1
o?????????o?oo?. 1,2,1,1,5
???.???.?.?.. 2,1,1,1
.?o????????? 1,2,1
..?.??.?o?? 1,1,2
??o?o?????.??. 9,1
????o?..???o????. 1,1,8
??..o.??o?o???.?o??o 1,1,7,1,1
?o??o????.??? 2,5,1
o?..???oo???.??? 2,1,5,2
.??o??o?o.?.????oo. 7,5
?????.oo??o? 4,3,1
.o??oo??o?????..??.? 1,10,2
???ooo??o?. 1,3,2
??o?????oo 1,5
??o???????.??? 1,1,2,1
.???o?.??.???. 3,2
o?o??o..?o?????o?? 3,1,2,1,1,1
.???????o??o?? 1,5,1
?.??o.???o????? 1,1,1,2,1
?o?????o?.?????o?? 4,1,7
.?o.???o??oo? 1,2,3
?oo?..????.?o?????? 3,2,1,6,1
o.?.??ooo??.o???.?? 1,1,4,1,1,1
??????.??.??? 2,1,1,1
?o??.????o.? 2,3
.??.o?.????o?oo??oo 2,2,5,6
oo????.??o?? 2,1,1,1
??o?o???o?? 4,4
?????.????????o? 1,3,2,1,1
.??..o????o???.??? 1,9
???.?o?.????. 1,3,1,1
.???????o?.???o 4,2,2,1
.oo?o????..??o??o?. 2,5,1,1,1
??????o?o???..????? 10,1,4
.?o?..??.??.???o?? 3,1,2,6
o.??o?o??????o?. 1,5,1,1
??ooo????????????? 4,2,1
.?.???.o??.o???.?o 1,1,2,1,1,2
.???.??o??????.? 2,1,4,1
?.???oo??o 1,6
?.o?o??.?o?o??.o?.?o 1,2,4,1,2
?..o??o???? 1,2,2
?o?ooo?o?.????o 2,3,1,5
.?????.???o??ooo 1,1,1,1,7
????o?????o?? 1,5,1,1
?????????? 2,2,2
??oo??????????o???? 4,3,5
oo????oo???.. 5,4
.???o??o???. 1,5
??oo.?.?o? 4,1
.???o?o??.???o? 4,3,4
?oo?oo??????..??? 11,2
?.???.ooo???o?.? 1,1,7
.???????????o?? 1,1,5
???o.?.???? 1,1
??.??o?????.. 1,8
.??.????????.? 1,1
??o????o.o 2,1,1
.????.?oo????.? 1,1,4,1,1
.?.????????? 1,3,1,2
???.o??..o???. 1,3,3
o???o?.??. 1,3,1
???.?o???.????? 1,4,1,1
?.????o?o?.??? 1,8,1
o?.?o???.o..???? 2,2,1,1,1
?.??o?????.???.. 1,1
.??o?.o???????..? 1,2,1,6,1
?oo.o?.?o?oo???oo?. 2,1,10
.oo????.o?.??o.oo?? 6,2,3,2,1
???????o??? 4,3,1
????.??.?? 4,1
.?o??????o???o? 1,1,3,4
o??.?..oo??????o 3,1,2,3,1
?o?o??.???? 2,1,3
?o?o????..oo???? 4,2
?o????.??oo?o?.??o. 2,1,5,1,1
??o???????????.? 9,1
?.??oo?????.?. 4,3,1
?????o???oo? 6,2
????o??.??.?o??.o? 1,1,2,1,3,1
.?.??.?????????? 1,1,2,2,1
?.?.?????o? 1,2,1
.???.?oo??o???????. 1,12
.o????????.o??.???? 1,6,1,1,1
???oo??.???o????? 7,6,1
.o????o???????.. 2,9
.?oo???o?.???o?o. 7,1,3
.o???????? 2,2
oo.o.?o?o??????o 2,1,6,3
?o???????? 1,2,1
?????????o??o 2,7
.???.o...??o.??o?? 1,1,1,3,1,3
??o?o?o.?o.??.? 6,1,1
????.???o?.o?? 1,1,2,2
?????.??..o??o 3,2,4
o?.????oo???oo?????. 2,7,2,4
?o.o?o???oo?.????? 1,1,7,2,1
.o?oo.???? 4,1
o?????o???o 7,1
??ooo????.??? 5,1,1
??o????o??????.?? 8,2
o?oo??o?o??oo.?. 1,7,2,1
????????.?? 7,1
??ooo???oo????.???? 12,2,1
??????ooo??o??? 7,3
o.o?oo?..???o.o 1,1,2,4,1
?.??o?o?oo??????.? 1,10,2,1
?o??????.???o?? 4,1,6
??.?o??o??o?????. 1,8,1
???.?o?o??????oo. 2,4,3
????????.o????? 1,2,1,2,1
o???.??o???? 1,1,1,2
o..??????o??? 1,1,8
o?.o?..ooo? 1,2,3
??????...?o?? 2,2
?o????o????? 1,1,5
o?.?oo?????? 2,3,3
????.??o??? 1,1,4
.??o??..??????o.. 4,3
???..??..o?.?? 3,2,1,1
o.o??o???o? 1,1,6
.??????o.????o.?.?o 1,4,1,1,1,2
???oo.???oo????? 3,7
o.??????????o???? 1,1,10
????????oo??ooo??? 1,4,8,1
o???????.??ooo?? 1,2,4
.?o??????.?.??? 3,1,2
??..o.o????o?o?.? 2,1,2,4
?o?o?o???.?o???o??o. 6,2,2,2,1
??o???.?oo.??o?? 2,2,2
????.?o??.. 2,3
????.?oo???.? 2,4
..?o?o???????? 2,9
?o???.oooo?ooo? 2,9
???oo?????oo???.??? 4,1,6,1,1
?o.?????.???? 2,2,1,1
.??.???????o?o?o?.?? 1,2,8,1
?o???...?????????? 4,3,2
??...o??????.? 1,1,5,1
?.o???oo???????? 1,1,6,1,1
????????.o????? 6,1,1
?ooo???.oo??? 5,2,1
???o.o?o???o???? 4,3,1,1,1
?.?????oo??? 1,3,3,1
?o??oo.??o.?? 5,2,1
?????.?????????o..? 4,5,1
??????oo???o 4,3,2
?oooo??o?o.?o?oo??? 7,1,2,3,1
o?????.o?????o. 3,1,1,1,1
o????o??.o???o 8,2,1
??.o?.?????? 2,1,6
??o???.?o?ooo?o?o??. 5,9
?.o?????o??o?????o?? 14,2
?oooo??.?..? 5,1
..?.?o?oo?????oo???? 12,1
?o???????o?o?? 4,8
??o??.?o??o?? 4,3,1,1
???..??.??oo? 2,1,2
??o.?oo??ooo.o 2,8,1
o???????o?. 1,1,2
.????????o.? 1,4,2,1
??o?oo???.???o.???? 1,1,5,1,1,2
.?o????o????? 4,1,1
?o??ooo?.???.? 2,3,3
..???.?oo?o 2,4
..???o????o. 3,2
.???.?oo??? 3,2
.?o????.?? 1,1,1
??oo???o??o 8,1
????oo??o??o????.?? 13,1,1
??.??ooo????o?o?? 1,4,6
??..????.?. 1,2
???o?.o????? 1,1,1,1
?o????o???o..o.o?? 3,4,1,1,3
o?o??o?????. 1,1,7
o????oo??o?o??.???? 13,2
??.??o?o?o?.o?o??? 1,1,1,4,4
o.?..????? 1,1,1
???oo???.o???. 6,1,2,1
o?.o?.??oo?? 1,1,1,4
?.???.????o??o??o? 1,1,1,1,2,4
o?o?o?????...o?o??oo 6,3,3,2
o?o??????o???o.? 1,2,1,1,2
?o?.?o?o????.o. 2,6,1
????????o?ooo???? 1,1,8
o??o????oo? 1,2,3
???o??.???o?? 2,1,1,1
o??o?.?o??o?..?o???? 4,6,4
.????..??? 1,1,1
??o???o????o? 7,2
o.??.???????o??oo??? 1,1,15
.?o...?ooo????? 2,8
???.?o?.???? 1,3,1
???.??.??.?. 2,1,1
oo?o??o??o?o?.?o? 7,4,2
???????????.?o?o 10,4
o????????o? 1,2,1
o?.?o??????? 1,9
..???o??oo??.o?o??o? 1,1,3,1,6
??.??????? 1,6
.?.??.?????oo?o?? 2,9
?.????????? 1,4
o.o??????o??o??? 1,8,4
???oo????????.??o 8,1,1
???o??????? 2,2
???.????..? 1,2
??o???.??o?????o 2,1,9
?..?o????.o????? 3,1
?.o..?oo.???? 1,3,1
????o??????o??o.??oo 14,4
??o?o.??????????..? 1,1,1,1,8,1
??.??..?..?o?? 1,1,4
??oo????.?o? 8,1
???oo????? 4,1
?.?????.o?????.???? 4,1,2,2
o.???o??oo??o?o 1,8,3
???.?.o??????????? 1,1,4,5
?.???..??.??.? 2,1,2
???o???o???????? 7,1
?.???o?.?oo??????o. 1,2,7,1
?o?.????.o.??? 2,3,1,2
???.???o?.o???o 2,1,1,1,1
.??o???..?.? 1,2,1,1
.????oo???oo???? 1,2,5,1
.?o.?.?o?. 1,3
?oo???.?o???. 4,2
..o??.???.??????o 1,1,3,2
??.???o??????o? 2,4,1,1,2
???????o????o??.??o? 10,3,2
?.?o???????????o??? 2,1,7
??????o??oo??ooo??? 15,1
..o?oo??????? 4,3
o???o?.?o?o? 1,4,3
.???????o? 4,2
??.o?oo?.?oo?????o?? 1,5,8,1
o.??..???????oo??? 1,1,9
???????o?. 6,1
?o?o????o.o.?? 3,3,1
??????????.?.?. 1,1
??.o?o?oo? 1,7
?.o??o??????????o 1,4,1,5
??.??.??????. 1,1,4
?o??o????o????..?.o. 1,8,1,1
?o.????????..?????? 1,4,5
??o??????? 1,4
?..??o????ooo? 1,2,6
oo?o??..??????o. 5,1,1
????.??.?o??? 2,5
.???????.o.?????? 1,4,1,6
??????oo??o.?o? 8,1,1
?????.o?o?o? 5,1,1,1
oo??o.?.???o?o 2,2,1,5
oo.???.o???..????o 2,1,1,2,1,1
?o???o..??.???. 2,3,2,2
?o??????o? 1,1,2
???????.?? 1,1,1
???oo??oo???.??oo? 5,4,5
??????.??oo? 3,4
o?????o?o???o? 3,1,3,2
o?o???o??.????? 3,2,2,1
?.?oo??.?????o.?. 4,4
?????.??o?.??o 3,3,2
???o?o????????o?oo? 3,4,1,6
??o??o..??. 4,1
o???????ooo?.?o? 2,1,7,1
o???o?oo???. 1,1,5,1
.??o?oo????.? 6,1,1
???o?????o??o?o???? 7,7,2
o.??.?o?o.?o..?o? 1,4,2,2
.?o?oo?????.? 4,1,1
??..?o?..? 1,3
???.?????o?? 1,5
?????..o??o?oo 2,1,7
??.?.?o?o? 1,5
??.o.?o?.??o 1,1,3
.??.?o??o???? 1,1,3,1
?o???ooo???? 3,7
.?o??.?..??ooo? 1,1,4
?oo??????o 3,1,2
???.??oo???? 2,2,1
.??o??o??oo?o?? 2,8
????o??o???o?? 6,1
o????????o?o?.? 7,4,1
.oo?????.??o???????? 3,2,1,6
?o?o?.????????? 5,1,2,1
????o??.?o 2,2
?.???ooo????o?????? 12,1
????o????????ooo?o? 1,1,1,1,7
??.?o??.o?? 1,3,3
????o?????????? 3,5,1,1
?????????.??.???o?? 7,1,1,1,2
.????ooo?o????? 1,1,3,1,1
????????.?????o?o 1,1,4
??.??.?.?? 2,1,1
.??????o??????? 2,9
o.???oo?o????.??.?? 1,5,3,1,1
?????.??ooo.??o???? 1,1,4,1,1,1
??o?.?o??? 1,2,1
???o???o???.?????? 1,1,1,1,1,6
???oo????.?o??????? 1,6,6,1
???o???oo???.?????? 4,4,1,2,2
?????????.??? 1,1,2,1
????.o??.o 3,1,1
?.???.?.????.?..?o?? 1,1,3
??.o???ooo?oo???..? 2,1,8,1,1
?????.??????? 1,7
????.????????.? 2,1,1,3,1
o?o.?..o?o??ooo??? 3,1,1,1,4,1
.?o????oo?o???..???. 10,1,2
.??o.????.??????o 2,2,5,1
??o.???????o?????? 1,10
????o?o.???o??oo?. 5,6
??o???????oo 1,2,2
.?.?.?.??? 1,1,1
.????????.?.o?? 6,2
.???????o?.?.? 6,1
?.?o??o?.??o.o 5,1,1,1
??????????????.?.? 1,4,2,1,1
..??o???.???o???o? 2,6
????o??oo??.o??o? 1,1,4,2,1
.?o???o?.?? 1,1,2
?????.??.o.???? 5,1,1,1
.o?.???o????o??o??o? 2,5,1,1,6
?????.?oo??.? 1,1,4,1
.o????????????o??? 7,4
???..oo?o?? 1,4,1
.?.??o??.o???? 1,2,3,1
???o?????oo??o.. 5,1,4,1
.?oo?.??.? 4,1
o..?.?o??o 1,3,1
o????o?.o.???.?o 1,3,1,1,1
o???o?.????o???o??? 2,1,2,9
???.??.o??? 2,1,4
o???o?o.??????? 1,1,3,3
??o?o??.??o??.o 4,3,1
..???oo?.?o.? 6,1
.o???oo????. 6,1
o..??.??????o????? 1,1,1,4,1,1
.????.?.o?.?o? 1,1,2
?o.?o???????o????? 1,14
o???o.?..?.???.? 5,1,1
o???????ooo. 2,6
?o??o?????o?.o?o?? 8,1,1,1,1
?????..?.?o???o?oo 3,1,8
..???????. 3,2
.?o?????.??????o??.? 1,2,1,3,3
???o.????o? 2,3
o.o??.?.?oo?o????? 1,1,1,7,1
????o???o??????o.. 5,8
?o???o??o???ooo?. 3,6,3
????o?.?????? 4,5
o??.?????oo??o??o?? 1,1,1,1,9
?o?????o???.? 3,4
..???.??ooo?? 1,3
??.??.o?o?? 1,3
o??????????o..? 1,1,3,4,1
?????o???oo?? 1,1,2,4
?.????????????o?ooo? 2,5,6
?o?.oo???.?? 2,4
???????.o?? 1,1,2
???o????.o.??..?? 1,5,1,1,1
??.??.?.???o? 2,1,3
???????.?.o???o????? 3,1,1,2,4,1
.oo?????.?? 5,1
??????????? 2,4
?????o????????? 1,1,6,2
???????o???.???. 5,1,2,1,1
??oo??????.? 2,1,1
?o??o?oo?o?o??o???. 2,8,1,1
??oo????????.???.. 5,3,3
???????o???o???.?o 1,1,5,1,1,2
.???..???o?o?ooo 1,1,1,7
????o?.?.?o? 4,1,1
????o?o??o?o??????? 1,12,2
??????.???? 1,1,2
...???..o? 3,1
?oooo???.? 4,1,1
?.?o??ooo????.?? 3,3,1
????o????o.???.oo 2,6,1,1,2
?.???.???o??..??? 1,2,6,1
?o??o???.????? 8,1
?o.o????.o????????o? 1,1,3,7,1
???o????o???o?o??? 10,1,1
????.?o?o?o?? 2,7
.???.o???oo??????.? 2,8
.?o...o???? 2,1,1
?o??o??.??oo?????o 2,1,1,3,1,2
????ooo???o??? 6,2
?????????????.oo??. 3,4,2
???.??o??o?.o.???o 1,1,1,1,1,4
?????oo??.?. 2,4,1,1
??.???????????o 2,3,2
?.???????o??o?????. 1,3,10
??????????oo?o???. 1,1,9,1
?o?o..????oo?o?o 2,1,9
???oo?o???.??????? 7,1,3,2
???????o.?? 3,1
??o?o.???????? 5,1,1
??o?.???oooo??o?.? 1,1,1,6,1,1
.??o???.o? 5,2
?????o??..o?oo???? 4,8
.??????oo?o?ooo?o 4,11
??..o.?o???.o?o? 1,1,1,1,4
.??oo?????.??.?????. 9,4
?.?o????o???o..?. 1,1,6
?o?o?o??????o? 1,4,2,2
?o...o.??o.??? 1,1,2,2
??????.?o?.?oo???? 1,2,3,3,1
?o?o?..o?o 4,1,1
?..o.o??o??ooo?o 1,1,2,6,1
oo??o.????????????. 5,2,3,1,1
??????????? 2,1,1
o.??????o??? 1,7,1
o..??.???.??. 1,2,2,1
??o?????o????????? 5,1,5,1,1
.??o??.??. 3,1
???..?..?oo?o??. 1,4
?????o?o?o? 6,2
???o???.??????. 6,2
?.????o?oo?o?o?????? 1,1,8,1,1,1
???o.???oo?o??o. 4,7
???..?oo??o? 3,5
???..o?o??.???. 3,5
?????.??o??????oooo? 1,1,7,5
.??oo????????oo? 1,3,7
?o?????o?.???o.?? 9,1,2,1
??.oo??o???????? 1,2,2,1,2
.?o??ooo.??o.? 6,1,1
???.?o??o.???ooooo? 2,1,2,7
?o???????o.?? 1,1,2,1
..????oo?.??.??o 3,1
.?..????????o??????? 1,13,1
o???.???o?.??o 4,5,2
.?o.?o????? 1,1,2
??.???o?o?? 1,2,1
???.?????o?o?o 1,1,9
?????.??????o?o? 4,4
????o?.???o????o? 1,2,1,7
?????????????.??? 4,1,2,1
.?o???.??o 5,1
o?????????. 2,1,1
????o?.?.???o????? 5,1,2,1,1,1
oo????.??.?? 3,1,1,1
.oo?o??oo..??o?o?o?. 8,7
?????.o??.???.?o???. 5,1,1,1,2,1
..oo??..?? 2,1
.?o????o?o????? 2,1,9
.oo???????? 3,3,1
o??.?o???o??o?? 3,1,5
oo?oo????????o?????? 8,1,1,1,1,1
??o?..???o 2,3
???o????..? 1,5
oo?o??.o????? 6,3,1
???o?o?o??o?o??. 2,1,1,1,5
??o?o??o????o????o? 5,2,8
..??o?o??.??? 6,1
??????o????? 6,1,1
????????o????o?o.? 3,2,2,1
?.????o??.??o?? 1,1,1,3,3
?o???o??????? 10,1
?.?????.?. 1,3,1
oo??.??????o. 4,1,1
???oo???o??? 1,7,1
?o???.o?oo??o? 2,1,5,1
.??...??oo? 2,4
????o??.???? 1,2,3
?o????????ooo????? 4,11
?o.??.?o.o?o????? 1,2,2,4,1
??????????? 3,1
oo?o???o?ooo.o.?? 12,1
.??o??.???.??? 4,2,1
o?oo?????..o.?? 5,1,1,1,1
o??o?o??.????o.??oo 7,5,1,2
???o..????? 4,4
?.o??????o?. 4,2
?o??????.?. 7,1
o.?.??.o?? 1,1,1
?o?.??oo.?o?.?. 2,4,2,1
????????oo???.??o?? 1,2,1,5,1,2
o?.?.o???o?oo?????? 1,1,12
???????????.ooo?o??? 1,1,7,5
????.?o??? 1,1
??o?????????o?o???? 2,11
???????o?o? 3,3
?.o?????o??????.?? 2,3,2
?.????.o?? 1,2
.???oo???.?.o.. 3,1,1
???.??o??????o?o. 1,1,4,2,1
.?o??o?o?.??o? 8,2
??o?o??.????o????o 1,1,1,2,1,4
o?o?.?.???o??o..?? 1,1,1,6,1
?o??o??..????? 7,3
.????.?o??? 1,1,3
???.?oo.?? 3,2,1
?.??o???.??.?? 5,1
.o?????..?.o??? 4,1
?.???????????o 1,5,1,1
?o??o???o.?o..? 1,5,2
?o??o?.?????.o????.? 2,1,4,1,1,1
o??.??o???o????? 2,4,1,2
????o??o??o.??o??? 4,4,1,1,2
.????o.??? 5,1
??oo.???oo? 3,5
.?o??.????????????. 3,2
.?o??..?o???oo?????. 3,1,7
?.???.????o??oo??o? 1,1,1,10
??oo???oo? 2,3
???o??oo?o??o????? 12,1
.o?.??oo?oo..??. 1,1,5,1
???..??????? 1,1,1,1
??ooo.?o???oo. 4,7
.??o?.?o??? 3,1
o?o???????? 6,1
o????o.o??o??????o 2,1,1,3,4
???????oo??o??ooo?? 9,7
.??o?.?o..?????..??? 2,1,2
??o??oo??o?o?o??o? 10,4
.?o?o?????o??o????o 7,2,2,1,1
??oo?.?o?o..o?o 2,4,3
???o???o????.??? 1,3,5,3
?.??o??.?????.? 5,2
o.??.o??.? 1,2,2
??.o?????.o?ooo? 1,1,1,2,6
o?o??o?o???o?o 3,9
???.?.?????????.?. 2,1
????.???.?o. 3,2
..?o??o?.??o????.? 2,2,4
?????o.?o..? 6,2,1
?.o.oo???????.??? 1,1,6,2,2
.??o?o??.o??? 5,1,1
?o?.??.o??.o?o?? 2,1,1,4
o??.??o????o???..?. 2,11,1
.??????????oo?o? 2,1,2,2,2
????o?????o? 1,4,1
?o???o?.?o.???????o. 6,2,5
????..????. 1,4
???o??o.?o 1,1,2
???????o?.? 4,1
?.?????o.?.ooooo?? 1,1,1,1,5,1
??o??.??o???o.???o? 5,3,3,2
?o??o?.??????oo? 5,5,2
?.???????? 4,1
?..????????.???o??o? 1,1,4,1,1,2
??o.??..??? 1,2,1
??o????.??o?. 4,3
???o??????????.o?? 10,2,1
??ooo??.o.??? 3,1,3
?o??ooo??o.? 2,4,1,1
oo?o...?.???o???? 4,1,1,1,1
.?o??..??.???o? 3,2,1
????.???????????.o?? 1,2,4,3,2
?.??ooo?.??. 5,2
?.o?o??.?o??o????? 1,1,1,7,1
?..?????o?? 2,2
???????..?o..?? 2,2
?????????oo????o 8,2,1,1
?.????oo?oo???oo???o 1,15
o.?????o..?????o 1,2,2,6
????.o??.???.o.?? 1,3,3,1,1
?o??..?.??? 4,2
o?.o?.?o?? 2,1,3
o????o???? 6,2
?.ooo?????.?o 6,1
??oo???o???.? 1,6,1
.?o??????????oo 4,2,1,1,2
o???o?.??o???o???? 6,1,1,2,1,1
?o???????.?? 6,1,1
.?oo?????????.???? 5,1,1,4
????oo??oo???????. 2,2,4,2
????o???oo. 2,6
???o?????o?. 3,3
????oo???o?.? 1,2,1,1
???o?????????o?o???? 4,1,1,9
????????.? 1,5
.o?.?.?.?.? 1,1,1
???????????????? 1,1,7
.?.???o????o?oo??? 1,14
o.????.o??o? 1,1,1,2
?????.???o? 4,2
..???.o??????? 2,1,1,2
?o?????.?? 4,1,1
o??oo??.??o??o?.??? 7,1,1,2,1,1
?.?o?o.?.??oo?o??.?? 1,3,1,7,2
.o??????.o?? 6,1,1
?o?o??o????????.?. 5,2,4
oo??oo?o???o?.?o??? 9,2,2,1
???????o?oo?oo? 2,9
oo?..???o.??o? 3,1,1,4
???o.?..?o?o???. 2,4,1
???o.?.?.oo?. 1,2
???o.???.??o 1,1,2,2
????..?.??o?o??? 3,1,2,4
?????o??.?. 6,1
????????.???o?????? 3,1,1,6,3
???ooo.?.?o..o.??? 1,3,1,1,1,3
o???o?o?o??o?.? 2,6,1,1
???oo??.o??o?? 2,4
???o?oo?..???. 1,6,1
???o??????..??o?? 1,4,3
????o.???. 1,1,1
????..??.???????oo 2,1,6
?????o?????.??? 2,6,2
???.??o?oo??ooo? 1,7,3
oo??oo.??.o.???. 6,2,1,1,1
???.???????????o 2,1,1,5,1
oo?.??.???o??? 2,1,4
????o?.?????o?.??.?? 5,1,3,2
.??????o???? 2,4
o??..?o?.?.?? 3,2,1
?..o?????o????? 1,1,4,1
??????.??????o? 1,1,1,1,2
?.o??????oo??? 3,5,2
???..?????ooo? 1,8
?????o?.??.???o? 1,3,1,5
?o?.????o??o.o???.? 3,1,4,4
???????????????? 3,2,1,2
o??o???????o.???oo?o 8,1,1,1,2,1
.??..?o??? 1,3
..?.??o..??????o 1,2,2,1,1
?.o??..?o???.. 2,3
??.o?.o??o.?o?. 1,1,2,3
?????????.? 3,1
???ooo???????o??o? 1,10,4
???????o?.??o?..o??. 3,1,3,2
.???.??o????..?? 2,6
??????oo??.?o.?????? 9,1,3
o??.?o????oo?. 2,3,2
?.??o??o??.?????o??o 1,6,1,1,6
?o?o????o??????ooo. 2,2,2,1,3
o???oo?o?o?o?.????o. 1,10,2,1
.??o.?.???? 1,1,2
??oo??????????o 1,2,2,3,1
???????o?.?.???? 9,2
??oo.o.?????.???? 3,1,2,1,1
?.?????o.? 1,1,3
????.????o???????o 1,1,4,3
.????o???o?.o?oo??? 8,5
??o??o??????????? 3,2,3,1,1
.oo?.???o. 3,2
?.????o?.oo.?? 1,6,2,1
??.??o???.?? 1,4,1
..ooo?.???????o??o? 3,1,5,2
?o???.?o..o 3,2,1
??o?o?o??o???oo??? 7,1,7
.o.?..?.o????. 1,2,1
?????.??????o?. 4,2,3
.?o???..???o????.. 2,4
??????????? 1,2,2
..?????..?o?. 1,2
.?..o??.?.oo?. 3,2
???o???o????? 3,1,2
.o??..?o?? 1,1,1
.o???o?o.?.??o?oo 1,2,1,1,6
?o???.??o? 1,2,2
???o?o.?.?o????.?. 3,2,1
o??????..?o 3,3,2
????????.?o??oo 1,2,2,3,2
????o??o?.o?.o??. 7,2,2
?.oo.?o????oo? 2,8
?????.o?o??o?o???o 1,1,1,1,8
????.???o?o?????.?.? 3,7,2,1
.??o?o?oo?o.??oo 9,3
??.??.?oo?? 1,5
??oo?..????? 5,1,3
???????o??????. 1,1,6
.??o?.?????o? 3,4
?oo??.?o??. 5,1,1
?????.???. 2,1
??o?.ooo???o 4,4,1
?o.?????oo?o?? 1,1,1,5
o?.??.??.o??? 1,2,1,4
????.o?.?.?????ooo 1,1,1,8
?o?????o??o 4,3,1
????oo.???.? 6,2
?o?????????..o??. 6,1,1,1
??.????oo?o?oo. 4,4
????.????o???o?? 1,3,2,1
??ooo..?????o 5,3,2
.????o.o??o???o 1,1,1,8
??o?.????o?.. 3,1,2
????oo?o?o????...? 5,4,1
???o??o?o.oo??o??oo? 2,3,5,2
???o?oo?.? 5,1
.o.?????o??oo?o? 1,2,1,3,2
o.???.???o????? 1,1,8
????o.????? 1,3,2
.??oo??o?.o??.?????. 1,2,2,2,4
???o??????. 3,3
??...???.ooo?? 1,2,5
????????????o??. 3,1,1,1,1
.???oo???o?.???. 9,2
?.?o?o.?.?o?o????o. 1,2,1,5,1
???o???.????o??? 3,2,7
????o?o??????????? 2,2,2,1,2,1
????.???..?.??.??o? 1,1,2,1,2,3
?.???.?.?ooo??o 2,7
?o?.???.???o?o 2,1,4,1
?????.?oo?o 2,1,5
??o???oo??????oooo?o 2,12,1
????o?...??...?? 2,2,1,2
?..???????? 1,1
.??o?.?????? 3,1
??o???o?.. 3,2
??.??.o??.??.o?o 1,2,1,3
??.o?.?o.o?? 1,2,1,1
?o?oo???.o?.. 6,2
?????..????? 2,2
?????????????.?o?. 1,1,5,1,1
??.o.?o.??? 1,1,2
??.o.??o?.?????o? 1,1,4,1,4
?.??.?????????? 1,2,1,1,2
????????o?o??? 1,7,2
.????o?oo??o 2,5,1
??????????. 2,2
??o?o?.???????.?.??? 6,1,2,1,2
??.?.????oo??o.??. 1,1,1,2,2,1
??????o?..?.?o?o?o 1,1,4,1,6
?o?ooo???? 5,1
??oo????o???????o?o. 5,1,1,1,4
?.o???ooo?o??????? 10,2
?oo?o????.??????o?. 8,3
?????o?.?.??.o??? 3,3,1,2,1
.?o?.??oo....?. 1,4,1
??..??.??? 1,2,1
??????.?o??? 1,2,1
?.??.o??.??????? 1,1,5
?..?o??o.??????. 1,5,5
??o?..???? 1,1
???????oo? 5,3
??o?.??????oo????. 1,1,1,1,3,1
?????o???oo??.o 1,4,3,1,1
??o.??o???o??? 2,2,3,1
?o.?.??o??.??.??o??? 1,1,5,2,4,1
..???.???.o??.??? 3,1
??o?o?o??o??o?.o??? 8,1,2,1,2
??o????.?o? 2,2,3
?o??o?.?o??????oo? 5,1,2,2
o??o??o?.o???????? 1,4,3,1,1
oo?o?????o?oo? 2,1,1,6
.?????????????.o? 8,2,2
??.?oo.??oo??oo? 2,8
?o?.??o??? 1,1,1
oo???.o?o.?o?????? 4,3,2,4
??o??.????????o?..? 1,3,5
?oo??????? 2,6
o???.o?o???o?o.???. 4,1,2,4,1,1
???????.??o???o?o 1,9
??.????oo.?o????.??? 1,6,2,1,1
?o???ooo?o..o.o? 2,6,1,1
?????o???o? 4,2
???o?o..o? 2,1,1
?.?o.?.?o??????.?.?? 2,7
??o???o?o??o?? 1,7
??oo?.??.?oo.o????? 2,1,3,1,3
o????.??o. 3,2
??o?o????..??oo.o?. 9,3,2
?o?.????.???? 3,2,1,2
?o???oo?o.?o? 1,1,4,1
.????????.? 2,1,1
?????????. 1,4
??????oo??o?oo 2,6,2
?????oo?.??.???. 2,3,2
??????o?o.??oo?o..o? 3,4,4,1
?oo?????????. 4,5
?..??o??????. 2,3
..????.????? 1,4
??.????????? 1,1,1
.oo?o???o???.o??? 6,1,1,3
?.???..??????? 1,1,1,5
?oo???????.?? 4,1,2,1
??????o??o??o? 1,8
?????.???o?? 4,1,3
?..?o?..oo? 2,2
?.?????o???oo???.?. 2,9
..?????o????. 1,4,1
o?o?o?????o 6,1
??o?oo?.???o?? 1,4,5
?o?????????. 2,4
oo???.??.????o???. 4,1,1,4
.o????.??o?.?.o? 5,1,1,1,1
??oo.????????.?? 2,3,2,1
ooo??o?.??o?. 3,2,1,2
?????o???.?o. 1,6,1
??.??oo??.?o 1,6,1
??o???????ooooo??? 3,2,9
o????oo??.?o?.?o??. 8,2,3
?????????.?.??o?. 4,1
????.?????oo? 1,1,1,6
o?????.?o?o?o?.?.oo? 6,1,1,2,1,2
?oo????o??oo??????? 8,9
??o??o?.o?oo? 1,4,1,3
??o?o???.o?o???? 6,3,2
???..??o?..? 2,2
????o??o?o??o.?o.o? 1,1,3,1,1,2
?????????o?oo??.?o 10,2
oo????.?o?.??.? 2,2,2,2,1
?o????o??????.?oo?? 3,3,2,2,3
o??oo?????oooo???? 1,4,9
.??.o??o?.?o.ooo?oo? 1,4,2,7
o???o??o?o?????? 3,1,2,6
???o.????o.???? 3,5,1,1
.o???o?o?.? 7,1
.?o?????o..o?.???oo 1,5,2,5
o??o??o.???o??.?. 1,4,2,1,1
???o?????..o?o???o? 1,1,2,1,4,3
.??.????oo?o??? 1,7,2
???oo???o???. 5,1,1
??????oo???. 2,5
.?????????o.???o?? 1,1,1,3,1,1
?oo.??o??. 2,4
?????????.. 2,1,3
o??o?????o?? 2,1,1,2
????.oo????????o 3,3,1,1,1
?????..??.?o?o? 1,1,1,5
????.oo.??? 1,2,3
???o?????oo?? 6,5
??????.?.o 1,1,1
??.???????o???o?.??? 1,10,1
.??oo?.oo??.? 4,4
.o..???o.?o??????? 1,1,2,2,1,1
??o?????????oo 7,2,2
.?o.??o???? 1,3,1
?????o?.o.? 4,1
????o??.??oo???o???o 1,1,8,2
??o??.?.o?o???o?o?? 2,1,9
o????o??oo?????? 1,1,6,1
?oo??o?.o. 6,1
?o?...??o?.?? 2,3,1
?????.?o.???o? 2,1,2,5
oo?o?o???.???o??o.o? 8,1,4,1
??o?o??????? 5,1
?...?..?.?? 1,1
???o??.??? 3,2
.?.???.o?o???o??? 1,2,1,3,4
o?oo.???.????o. 1,2,3,1,3
?o????.?o???o?..?? 4,1,4,2,1
.?o..???..??o??.??. 1,1
??..??.?.??ooo?ooo?o 1,1,1,1,9
oo???.?.????o??o? 3,1,7
?o??o??..o?? 5,1
??.???o.?.oo?? 3,2
??o???o?oo.?o?oo?.?? 7,2,5,2
.???.o??????????? 2,1,5,1
??.??o?o????? 5,2
o?????o?..? 1,5,1
.?????????o?? 3,3
.??.??????.o??o????. 2,2,1,8
.o.?.??????? 1,1,5
??.?o??ooo 1,6
o???o?o.???? 1,2,1,2
??????o??.?? 2,4,1
????.?o?o??.?. 1,1,5,1
o???.??????oo?????? 1,1,8,2,1
????????oo???...?o? 2,7,1
????o?o??o??????o? 6,4,1,1
o.?????.??o???? 1,1,1,3,1
??.??o.?.??????o??? 1,1,1,8
????oo????????o?? 9,1,4
.??o???.?..o??.????? 5,3,3
.?oo?????? 6,2
o.?o???o?? 1,3,3
????oo???? 3,2,1
.??o????.??o?.o??o 1,1,1,4,1,1
o??o??????.???.??? 10,1,1
oo??????.o??o??????? 4,9
?o??o.????????o?? 4,9
.o??oo..?.?? 1,2,1,2
o.?o?????????o? 1,1,7,2
??o?o????? 1,1,2
.o??o???o???.o?..?? 9,1,2
?o?o?o?o?.????? 7,4
.?????.????.o?.???? 4,3,1,1,1
.?????o??? 1,4
?.???o?o???.o 1,7,1
?????o?????.???o? 7,1,2,2
o?.o?????? 1,1,1
?????.?oo??????oo?o 3,12
??o????????? 5,2
?..??.?o?????oo??? 1,1,9
?.o?.????o????.?o 2,1,2,2,1
?o?o??o??o?o??.oo 3,2,5,2
?...??o..?o. 1,1,1,1
o.???o?????o?o??? 1,12,1
?.oo?.???????.o? 1,3,1,2,2
o???o??o??o 1,5,1
?????.????o.?? 1,2
?.o??oo.o?? 1,3,2
??o???.???????.o?? 3,1,1,2,2,3
????o??.???..??????? 2,1,1,1,6
?oo??oo??o? 3,3,1
.????oo??o?ooo?.??? 13,1,1
?.?o?oo?o?????????o? 1,17
??.?o.??o?.????o??? 1,1,4,1,6
??.??.?.?o.?????oo 2,1,1,1,1,2
??.ooo???o??..? 2,7,1,1
???.???ooo?????o 1,11
o??.o?o?????.? 1,1,3,1
????o???????????.. 4,3,1,2
?o??o??oo??.oo??? 10,5
o..???o????o?o??? 1,9
????????o.??? 2,5,2
?o.??o.?????. 1,1,1,3
??.?.??oo???? 1,7
.??.o?.o.?o?.??.?. 2,1,1,2,1,1
.?????o???o??.?oo?? 1,1,1,1,1,4
????o?.?o.?. 5,1
o..?o?ooo???? 1,8,1
?o?o?????.o..???? 3,3,1,1,1
.?????oo??? 3,3,1
????oo??????o 2,9
?o.?o?????? 1,3,2
?o???o.o??o?.o???? 1,3,1,3,5
?.??oo???????? 4,4
?..???????o??.???? 1,1,2,3,3
?oooo??.?o?. 5,1
.???o.??.??.?????? 2,1,1,2,2,1
.???.?.?o????o?? 1,1,1,1,3
?o???o??.o.?.. 5,1
o???.o?o.o??o??o.?? 4,1,1,5,1,1
